
power = 1805.6497537343
throughput = 10112.44
composite = 4273.1165202522
